unconnected_node_id
1187
2469
166
2470
488
1099
1707
1179
1243
1555
278
1079
760
1530
667
3101
1950
2015
3140
1189
2138
1767
9
1067
2060
3021
1007
1040
1487
1491
1208
1305
666
2168
2877
1889
1730
867
329
2794
2795
2796
659
2516
2517
1173
1720
2617
2618
2751
738
1735
1032
3241
1129
1390
1231
2513
562
1586
2514
1018
2173
1505
68
2532
3273
1450
2411
2190
271
1266
1082
829
2207
704
2722
2723
2436
1860
1254
2696
2697
2092
1298
179
3222
225
3203
3204
741
1827
1066
3124
245
3189
1528
3036
1766
1991
364
399
3183
209
210
149
348
957
901
1382
327
1810
1428
1624
1436
1884
3037
3038
1858
1063
139
1675
2543
2031
602
3035
958
2176
2660
2853
296
1226
1036
141
917
3255
2754
2755
710
1159
2086
1297
275
2392
2393
3040
3041
1224
1163
2348
2349
523
1840
282
869
2407
431
2352
1236
1268
1174
696
382
1504
3008
420
2539
2540
1933
463
1365
1850
832
73
2094
1936
497
1779
2974
2975
769
2081
102
1639
1866
1748
2198
1016
165
1994
1806
944
2865
2804
2805
2908
1098
1388
47
820
2167
3130
3131
740
1380
742
1416
2009
58
284
160
934
1616
2133
1752
2716
926
2251
1679
2262
182
475
1788
3295
3169
3170
3171
3172
1285
3173
1523
64
3
1553
3219
1237
1431
2893
2385
2386
756
85
663
2658
2659
109
1454
1781
1819
1321
239
3254
3229
3230
767
1828
2406
1299
857
443
2077
1537
2787
2788
806
524
2938
1282
2381
2382
1396
1556
1144
1059
41
3309
1337
606
3252
1045
3253
283
1596
2446
310
1878
2936
2937
1984
389
2989
2990
2111
1092
1579
3185
403
1662
2178
3240
496
1171
861
2049
1518
1109
2267
574
2947
2960
758
1367
1182
2945
1926
782
1870
1595
3075
3208
970
1949
959
1524
3032
3064
1433
3065
2137
108
1833
7
2992
793
60
916
328
1481
660
71
424
74
3163
2365
82
3268
1548
2271
97
1201
2572
902
120
337
1650
2888
161
2003
3070
2735
176
795
2750
2679
1024
193
572
1998
248
297
1669
513
720
257
2970
1722
688
1928
2326
279
873
3225
291
2693
539
697
323
1783
3115
324
996
3116
984
2046
3085
326
1714
1653
1869
341
3188
2155
380
1628
652
3290
452
2214
2099
459
1420
757
3056
474
1509
3055
632
538
1506
623
560
2482
1245
2191
3200
3201
687
655
2800
1979
1060
679
2986
2985
730
2987
891
1108
2087
2471
2010
1554
3044
943
2656
3154
1638
951
3280
1194
2246
1118
2289
1378
2907
2038
1456
2188
2694
2695
3090
3091
2037
1695
1784
2029
3205
2231
2841
1906
3155
2127
1248
146
14
1073
21
3303
3237
46
1047
1960
67
671
1488
1857
86
1192
2793
94
112
1249
2280
3137
121
1911
3063
125
831
288
1361
261
290
2701
967
1057
299
1134
752
1204
301
344
3289
2238
368
1993
1199
376
1513
2300
2922
635
437
448
1090
888
457
1438
1377
490
2858
1394
2376
625
511
2809
514
2810
568
1839
3023
3321
581
1750
593
2325
1213
608
2889
2890
612
1316
3015
617
2290
619
2753
1893
639
640
3214
1935
2286
2965
694
2337
762
2430
3176
3177
789
801
2756
1391
2145
2969
903
1706
907
2270
1905
1977
933
2098
980
1645
1216
1801
1003
2504
1069
2503
1106
2403
2757
1168
1814
2143
2096
2958
1175
1306
3180
3181
1314
3094
3095
1962
1371
3031
2832
1465
2833
1489
1805
1649
3136
1499
3135
1539
2653
3291
2248
2285
1598
2307
1612
2175
1938
1627
1623
2856
1897
1626
1664
3297
3092
1690
1859
2221
1908
3301
3302
2408
1988
2263
3088
2172
2014
2016
2569
3250
2904
2905
3175
3003
3004
3005
3057
3058
3059
0
628
2
3285
467
4
1501
6
2034
11
2521
15
89
35
763
36
1745
37
939
45
1053
63
251
111
116
3310
117
367
143
127
1240
129
133
1631
1713
140
145
3121
163
3182
2409
164
425
171
1289
174
2941
175
2946
183
185
3278
187
199
2508
196
202
1594
270
207
233
2079
256
235
238
735
1597
262
264
1267
277
3238
281
646
3061
295
2929
305
1368
306
1680
309
315
1124
320
2962
1692
334
1773
343
345
1452
2760
349
1121
355
360
477
2061
366
369
580
1793
375
384
1930
385
1700
2808
387
2995
391
400
862
2533
415
1756
423
2129
426
432
2983
436
2317
456
1592
1508
461
1982
470
3105
479
480
571
481
2236
2834
507
522
1830
534
2287
570
1786
2384
583
3096
589
596
3191
3192
601
849
614
621
1790
626
2126
3258
636
643
1741
3315
645
657
658
2260
662
2256
665
2961
685
1347
699
1712
701
712
1177
2241
718
731
2310
1250
732
739
2213
1065
750
753
1947
1512
759
1037
766
785
1397
2216
786
787
1413
788
3262
1776
804
1913
810
2616
817
821
2591
1909
823
841
1459
842
1963
1154
844
1304
852
983
855
858
1803
866
3239
897
868
2019
870
1496
883
890
2454
893
2318
896
1081
898
1931
2123
899
2268
909
1425
919
995
925
3016
945
947
1716
1114
948
952
2982
961
1405
963
3158
2778
973
977
2699
987
2006
1816
1005
1564
1029
2879
1055
1056
2593
1074
1095
1086
1807
1100
1526
1104
2871
1952
1110
1113
3211
3033
1126
3141
1127
3259
1133
2544
1137
1139
2223
1404
1149
2813
1158
1160
1432
2344
1164
1169
1209
3316
1181
1228
1317
3098
1229
1689
1258
1274
1739
1291
1276
1277
2725
1370
1283
1312
1284
2164
1327
2777
1332
1336
1681
1339
2758
1344
2118
1345
1892
1374
2078
3043
1389
1978
1403
1442
2437
1458
2972
3264
1475
1929
1495
2336
1497
2201
1502
1674
1503
3001
1507
2502
1511
3226
1519
1763
1535
3100
1541
2432
1547
2036
1550
1593
1559
2468
1588
1601
2700
3104
1604
1608
2192
1611
2071
1614
1975
1636
1876
1643
3325
1898
1646
2272
1661
3112
1673
1688
1914
1873
1775
2526
1798
1800
2847
2885
1815
1954
1820
2018
1852
1862
2582
1888
2093
1899
2798
1900
3111
2265
1934
1937
2069
1941
2998
2988
1951
3097
1955
2171
1957
1969
3307
1972
3245
3313
1974
2004
3143
2008
2818
2026
3279
2042
2303
2044
2518
2465
2051
2056
3243
2075
3077
2084
2197
2101
2229
2892
2117
3113
2135
2146
2500
2193
2742
2195
2566
2456
2457
2688
2689
2744
2743
2801
2802
2806
2807
2849
2850
2851
2852
2872
2873
2914
2915
2916
2917
2934
2935
2996
2997
3126
3127
3165
3166
3178
3179
3320
3319
3322
3323
192
223
276
358
546
592
834
838
845
848
892
910
913
1014
1061
1148
1166
1269
1270
1323
1360
1375
1479
1500
1520
1549
1552
1602
1632
1765
1881
1886
2131
2194
2279
2294
2359
2563
2576
2600
2724
2876
2881
3082
3122
3123
3190
3260
