unconnected_node_id
898
1165
2192
145
144
23
537
2209
1698
1835
1836
1327
1328
1593
2622
213
92
1504
108
2157
2158
2159
2160
2161
1647
495
583
75
2222
2223
2224
2225
2226
84
284
99
122
2604
2454
2455
26
123
127
1056
2437
2438
167
168
2482
1001
2662
12
2661
1318
1544
2058
635
2150
1378
2688
1657
1554
2686
2687
2624
44
2701
1582
369
385
2483
2484
2569
930
380
477
560
585
2526
774
953
2565
2566
2567
2634
2635
2636
2693
2537
259
117
200
2676
1439
2562
292
1036
1170
1476
404
2695
2694
431
1112
954
677
939
2173
2174
2544
3
208
7
1594
31
66
2631
106
2461
184
520
1208
187
821
222
225
2255
2583
247
250
2429
2705
287
307
991
1108
390
545
422
1048
462
474
1181
538
1286
1032
587
592
2669
2690
611
1024
625
2704
641
653
1231
932
662
692
2629
1691
700
713
1044
721
1034
780
2341
786
947
832
2600
917
2639
2529
959
2659
967
1496
974
2697
986
1541
1005
1600
1059
1648
1210
1233
2433
1236
2479
1407
1263
1298
2703
2692
1310
1356
1613
1393
1371
2586
1375
2664
1438
2633
1563
1673
2660
2410
2411
2432
2431
2602
2603
2618
2619
2625
2626
2665
2666
